Generation,Mean Fitness
0,1615.7606583303177
1,844.9432404540763
2,94.60326186549385
3,96.89389774601429
4,95.74857980575408
5,95.74857980575408
6,96.89389774601429
7,96.18001996189092
8,755.0718030544792
9,755.0718030544792
10,109.81981739341214
11,109.81981739341214
12,690.0311526479752
13,711.7113694501431
14,690.0311526479752
15,2745.5867082035306
16,2745.5867082035306
17,2745.5867082035306
18,2745.5867082035306
19,2745.5867082035306
20,508.7446029403727
21,559.552049691808
22,690.0311526479752
23,389.2181445178938
24,389.2181445178938
25,389.2181445178938
26,389.2181445178938
27,389.2181445178938
28,389.2181445178938
29,1378.3780361168099
30,193.74185561456892
31,423.5169250056986
32,82.5360836144445
33,86.17670371804087
34,207.29790826286407
35,317.0609545987465
36,82.5360836144445
37,274.7861711736622
38,459.75501852568715
39,459.75501852568715
40,1861.2701700408388
41,171.29348006414864
42,172.9584817291503
43,82.5360836144445
44,310.3552768647191
45,519.2788280494967
46,569.4041413327046
47,324.77849270409087
48,583.628892399561
49,583.628892399561
